Data File: yeast
Query file: yeast_400n
LIMIT: 100000
0 1.14439 3.01327 1138 184320 0
1 0.381201 1.84721 554 1.05062e+06 0
2 0.558401 3.22683 372 2.12337e+07 0
3 0.295998 2.73823 367 1.17965e+06 0
4 0.325558 2.93513 409 393216 0
5 5315.33 5317.59 6380236 129600 0
6 0.555743 2.33208 720 124416 0
7 0.289091 2.60348 381 1.24416e+06 0
8 0.432987 2.20591 660 302400 0
9 0.33324 2.39151 382 165888 0
10 4.42701 6.07145 6374 1.4256e+06 0
11 0.503141 1.93818 576 207360 0
12 7.98796 9.42169 9830 1.6128e+06 0
13 0.327109 2.17651 403 5.97197e+06 0
14 0.352453 2.02165 547 111132 0
15 116.149 118.048 155944 248064 0
16 0.43755 2.04836 646 7.7616e+08 0
17 0.457619 2.01519 712 414720 0
18 120241 120242 59597772 0 1
19 0.906143 2.7634 1071 202176 0
20 1.02616 2.54743 1478 134400 0
21 120165 120166 76743822 0 1
22 1171.48 1173.84 147049 3.64954e+07 0
23 0.378683 2.4584 417 258048 0
24 0.715709 2.81196 871 1.11974e+07 0
25 1.09028 2.82296 1197 2.65421e+06 0
26 2.47683 4.22876 3358 2.45146e+06 0
27 120317 120318 69559854 0 1
28 0.344986 2.34527 461 5.8752e+06 0
29 0.297787 2.21884 440 145800 0
30 0.306343 2.20577 441 761856 0
31 120191 120194 65569877 0 1
32 0.446871 2.68676 530 1.48176e+07 0
33 0.25181 2.01313 390 138240 0
34 0.251026 2.31268 380 296352 0
35 13.9615 15.5262 19712 1.79159e+07 0
36 0.944029 2.88941 1184 4.3776e+06 0
37 13.6862 15.262 19499 184320 0
38 4.1018 5.68795 1956 451584 0
39 0.250961 2.56871 374 186048 0
40 0.295714 2.31004 394 103680 0
41 0.336758 1.75528 510 172800 0
42 0.208057 1.97554 351 397440 0
43 10358.4 10360 8552109 7.07888e+11 0
44 0.393568 2.49242 450 2.9376e+07 0
45 2.23733 3.90215 2983 1.86624e+06 0
46 8193.14 8195.66 8699697 5.168e+06 0
47 0.313558 2.52516 383 105120 0
48 1.05303 2.49871 1550 1.8432e+06 0
49 0.24259 2.11153 378 282240 0
50 120134 120137 25354376 0 1
51 0.571459 2.41238 804 331776 0
52 0.351558 1.89504 461 259200 0
53 0.26044 2.48156 373 839808 0
54 0.392805 2.69007 427 118080 0
55 23.0595 24.7468 7616 140800 0
56 0.494959 2.7318 463 5.8212e+06 0
57 0.439021 2.63334 376 192000 0
58 0.315361 2.97743 375 1.42249e+09 0
59 0.323099 2.76327 431 1.29548e+08 0
60 0.251552 1.90639 390 1.47744e+08 0
61 4.63901 6.10241 6461 497664 0
62 0.39334 1.98424 596 367200 0
63 120909 120911 31943579 0 1
64 0.730875 2.2448 1056 933120 0
65 120137 120139 113687668 0 1
66 0.380362 3.1434 446 2.16e+07 0
67 1.03841 3.12529 1378 2.1289e+06 0
68 2.15423 3.81049 2703 1.52064e+06 0
69 0.554802 2.35337 851 2.09715e+07 0
70 0.364052 2.02066 540 133056 0
71 4107.52 4109.45 5583038 1.0368e+06 0
72 0.301951 2.38081 378 202752 0
73 120815 120818 126989628 0 1
74 0.288821 2.53953 369 3.6288e+06 0
75 2.00392 3.84201 2761 8.77363e+07 0
76 0.341712 2.35584 366 860160 0
77 0.263731 2.54117 399 7.41636e+07 0
78 120065 120067 23217236 0 1
79 0.290485 2.59849 388 466560 0
80 0.383653 2.71214 487 322560 0
81 0.538277 3.26923 561 8.08315e+07 0
82 405.732 408.071 485576 116640 0
83 120990 120992 58270078 0 1
84 0.97294 2.86791 1154 933120 0
85 0.302764 2.39348 406 1.57248e+06 0
86 0.368804 2.36902 566 806400 0
87 75521 75522.7 59859732 133920 0
88 120337 120339 55990606 0 1
89 0.7324 2.29149 827 780300 0
90 1.70599 3.42513 2459 138240 0
91 0.369396 2.52222 546 1.99584e+06 0
92 120798 120800 44940362 0 1
93 0.365596 2.36895 436 217056 0
94 0.250937 2.47544 377 153600 0
95 0.361829 2.11426 501 226800 0
96 0.60995 2.5086 860 4.26747e+07 0
97 7.05924 8.53335 9243 224000 0
98 0.252968 2.4015 376 107520 0
99 0.279448 2.69934 395 221760 0
Average Search Time Per Query: 1196.6915 ms
Average Elapsed Time Per Query: 1198.6416 ms
Average #Recursive Calls: 1022702.4091
Total Number of Found Matches: 710,893,366,048
#Solved Queries: 88
