Data File: yeast
Query file: yeast_400n
LIMIT: 100000
0 1.10789 2.90918 1138 184320 0
1 0.354455 1.81668 554 1.05062e+06 0
2 0.264368 2.45871 372 2.12337e+07 0
3 0.226655 1.87968 367 1.17965e+06 0
4 0.268507 2.23884 409 393216 0
5 5196.4 5198.23 6380236 129600 0
6 0.593133 2.56557 720 124416 0
7 0.290664 2.60013 381 1.24416e+06 0
8 0.423488 2.27861 660 302400 0
9 0.254328 2.47763 382 165888 0
10 4.85759 6.46985 6374 1.4256e+06 0
11 0.365317 1.80223 576 207360 0
12 8.23198 9.65849 9830 1.6128e+06 0
13 0.498536 2.45912 403 5.97197e+06 0
14 0.362157 2.11271 547 111132 0
15 112.409 114.337 155944 248064 0
16 0.509194 2.36886 646 7.7616e+08 0
17 0.537702 2.64057 712 414720 0
18 120024 120026 59321969 0 1
19 0.80571 2.67712 1071 202176 0
20 1.08573 2.93351 1478 134400 0
21 120177 120179 75644167 0 1
22 1213.68 1216.58 147049 3.64954e+07 0
23 0.379302 2.55632 417 258048 0
24 0.672586 2.46211 871 1.11974e+07 0
25 0.931057 2.43842 1197 2.65421e+06 0
26 2.42507 4.11299 3358 2.45146e+06 0
27 120188 120191 69601825 0 1
28 0.440036 2.61481 461 5.8752e+06 0
29 0.343544 2.36361 440 145800 0
30 0.35227 2.45282 441 761856 0
31 120178 120181 65443217 0 1
32 0.472227 3.27593 530 1.48176e+07 0
33 0.375115 2.57728 390 138240 0
34 0.30703 3.14898 380 296352 0
35 14.8157 16.7415 19712 1.79159e+07 0
36 0.972882 3.10644 1184 4.3776e+06 0
37 13.6332 15.2662 19499 184320 0
38 3.93979 5.50015 1956 451584 0
39 0.250794 2.451 374 186048 0
40 0.305295 2.56228 394 103680 0
41 0.34338 1.85219 510 172800 0
42 0.218974 2.02366 351 397440 0
43 10245.9 10247.5 8552109 7.07888e+11 0
44 0.303563 2.24642 450 2.9376e+07 0
45 1.94919 3.40851 2983 1.86624e+06 0
46 8223.87 8225.89 8699697 5.168e+06 0
47 0.31725 2.56605 383 105120 0
48 1.10621 2.5922 1550 1.8432e+06 0
49 0.236238 2.09142 378 282240 0
50 120184 120186 25248219 0 1
51 0.573536 2.27587 804 331776 0
52 0.313153 1.85708 461 259200 0
53 0.317255 2.53912 373 839808 0
54 0.312169 2.19389 427 118080 0
55 20.515 22.0784 7616 140800 0
56 0.312402 1.99078 463 5.8212e+06 0
57 0.244101 1.9364 376 192000 0
58 0.299673 2.69402 375 1.42249e+09 0
59 0.322434 2.58392 431 1.29548e+08 0
60 0.259173 1.87941 390 1.47744e+08 0
61 4.79583 6.42367 6461 497664 0
62 0.458573 2.05229 596 367200 0
63 120951 120953 31882058 0 1
64 0.844347 2.5579 1056 933120 0
65 120936 120938 113303762 0 1
66 0.388364 2.69085 446 2.16e+07 0
67 0.897957 2.70348 1378 2.1289e+06 0
68 1.95372 3.50553 2703 1.52064e+06 0
69 0.560202 2.41269 851 2.09715e+07 0
70 0.352357 2.05914 540 133056 0
71 3960.68 3962.19 5583038 1.0368e+06 0
72 0.252626 2.19645 378 202752 0
73 120025 120028 126313513 0 1
74 0.367099 3.12062 369 3.6288e+06 0
75 1.89586 3.56723 2761 8.77363e+07 0
76 0.265733 2.31933 366 860160 0
77 0.259603 2.43377 399 7.41636e+07 0
78 120096 120099 22858567 0 1
79 0.405329 2.58338 388 466560 0
80 0.324276 2.17025 487 322560 0
81 0.369573 2.23388 561 8.08315e+07 0
82 406.057 407.717 485576 116640 0
83 120896 120898 57732711 0 1
84 1.01936 2.74166 1154 933120 0
85 0.285766 2.3036 406 1.57248e+06 0
86 0.368092 2.326 566 806400 0
87 75301.4 75303.1 59859732 133920 0
88 120079 120081 53633692 0 1
89 0.763075 2.53423 827 780300 0
90 2.19418 4.18064 2459 138240 0
91 0.551508 3.29892 546 1.99584e+06 0
92 120174 120176 41728847 0 1
93 0.373455 2.44271 436 217056 0
94 0.322757 2.8365 377 153600 0
95 0.389554 2.24067 501 226800 0
96 0.691391 2.43898 860 4.26747e+07 0
97 7.56434 9.26683 9243 224000 0
98 0.296043 2.83472 376 107520 0
99 0.35404 2.79407 395 221760 0
Average Search Time Per Query: 1190.6764 ms
Average Elapsed Time Per Query: 1192.6086 ms
Average #Recursive Calls: 1022702.4091
Total Number of Found Matches: 710,893,366,048
#Solved Queries: 88
