Data File: yeast
Query file: yeast_400n
LIMIT: 100000
0 0.533746 2.43749 482 184320 0
1 0.562059 2.06558 833 1.05062e+06 0
2 0.312039 2.557 426 2.12337e+07 0
3 0.375109 2.00886 495 1.17965e+06 0
4 0.343231 2.42818 376 393216 0
5 5554.63 5556.55 5752717 259200 0
6 2.72001 4.50844 3747 1.49299e+06 0
7 0.422762 2.79715 505 725760 0
8 0.561035 2.70148 687 604800 0
9 0.310284 2.72126 374 165888 0
10 51.9438 53.8187 64142 1.4256e+06 0
11 1.4254 3.3032 1660 207360 0
12 147.637 149.555 183824 4.5056e+06 0
13 0.292128 2.44497 367 8.95795e+06 0
14 0.349844 2.31633 436 129654 0
15 451.108 453.691 576260 496128 0
16 1.29176 3.05809 1842 1.55232e+09 0
17 0.339062 2.12146 543 414720 0
18 120131 120133 60456370 0 1
19 0.410342 2.26492 409 186624 0
20 0.425415 2.10521 620 134400 0
21 120079 120080 88332734 0 1
22 388.586 391.06 107293 3.64954e+07 0
23 0.310073 2.41337 416 258048 0
24 10.8986 12.5171 13610 1.30637e+07 0
25 1.02385 2.41379 1498 2.98598e+06 0
26 120098 120099 73509636 0 1
27 120073 120075 154982450 0 1
28 0.301012 2.45742 369 5.8752e+06 0
29 0.440313 2.60165 516 145800 0
30 0.525936 2.88127 604 761856 0
31 120901 120904 148378783 0 1
32 0.402443 3.07874 478 1.48176e+07 0
33 0.450863 2.67678 456 138240 0
34 0.471086 3.50768 368 296352 0
35 0.897986 3.02065 1195 1.34369e+07 0
36 0.936756 2.93851 1154 4.3776e+06 0
37 1.73442 3.43419 2124 184320 0
38 8.26112 9.88381 3848 451584 0
39 0.450946 3.03892 521 186048 0
40 0.438657 2.44016 466 103680 0
41 0.427213 2.01028 657 777600 0
42 0.238201 2.16512 351 414720 0
43 5.53298 7.14439 5789 5.66311e+11 0
44 0.983904 2.87552 1309 2.9376e+07 0
45 2.11132 3.64659 3158 1.86624e+06 0
46 266.894 269.363 256329 100800 0
47 0.353026 2.58533 458 105120 0
48 9.98514 11.7914 13508 2.02752e+06 0
49 0.319247 2.3155 473 282240 0
50 120116 120118 20112056 0 1
51 0.860145 2.85895 1021 331776 0
52 0.436424 2.3823 474 259200 0
53 0.347531 2.95451 377 839808 0
54 0.761849 3.10633 878 118080 0
55 0.50376 2.38138 770 112640 0
56 0.37566 2.38219 418 1.188e+06 0
57 0.447912 2.25179 523 348480 0
58 0.345768 2.97107 398 1.42249e+09 0
59 0.389634 3.03247 386 1.29548e+08 0
60 0.312565 2.53524 398 1.47744e+08 0
61 10.5544 12.3908 13729 368640 0
62 0.980978 2.80762 1278 367200 0
63 3976.77 3979.61 4405623 9.58003e+06 0
64 2.89499 4.66435 3984 933120 0
65 120381 120383 114434924 0 1
66 0.406842 3.10388 464 2.16e+07 0
67 0.899591 2.65707 1139 2.1289e+06 0
68 0.271887 2.01169 420 963072 0
69 0.479495 2.30212 665 2.09715e+07 0
70 0.262904 1.93758 427 133056 0
71 22131.3 22133.2 29214179 691200 0
72 0.274851 2.43433 379 202752 0
73 120066 120069 94030103 0 1
74 0.441285 3.30931 369 3.6288e+06 0
75 5.04371 7.43967 6105 8.77363e+07 0
76 0.5339 3.02367 450 860160 0
77 0.379575 3.12755 379 7.41636e+07 0
78 120089 120092 87937450 0 1
79 0.324032 2.16767 438 233280 0
80 0.933708 3.04898 1199 322560 0
81 0.293887 2.30292 419 8.08315e+07 0
82 68.4414 70.0462 77001 231840 0
83 120053 120055 69739033 0 1
84 0.45464 2.30989 641 829440 0
85 0.560256 2.62272 489 1.57248e+06 0
86 0.286728 2.50342 378 806400 0
87 120093 120095 94640022 0 1
88 120186 120189 93747582 0 1
89 21.9536 23.8244 30522 260100 0
90 0.739082 2.68674 938 165888 0
91 0.311899 2.53774 427 1.99584e+06 0
92 120226 120228 42014986 0 1
93 0.363614 2.09153 498 217056 0
94 0.427755 2.7479 565 153600 0
95 123.206 124.997 78257 226800 0
96 0.390097 2.33714 554 6.4012e+07 0
97 2.29036 3.76149 3145 168000 0
98 0.505023 2.65264 630 107520 0
99 0.392462 2.53444 548 221760 0
Average Search Time Per Query: 382.4954 ms
Average Elapsed Time Per Query: 384.5491 ms
Average #Recursive Calls: 469650.2874
Total Number of Found Matches: 570,114,788,898
#Solved Queries: 87
