Data File: yeast
Query file: yeast_50n
LIMIT: 100000
0 6.49841 6.8521 26154 100005 0
1 0.029447 0.195936 37 233280 0
2 0.1626 1.10174 494 109312 0
3 5.92956 6.17895 8457 100001 0
4 0.36051 0.640394 970 103488 0
5 2.24459 2.40577 7062 17640 0
6 0.032079 0.198849 71 108864 0
7 0.950041 1.12529 1841 100012 0
8 0.73736 0.915762 1352 100009 0
9 0.691064 0.861941 836 100020 0
10 22.2438 22.4465 65901 100000 0
11 0.070556 0.306206 93 101766 0
12 0.154272 0.524437 452 100440 0
13 0.400119 0.766291 978 100020 0
14 0.084815 0.419176 179 102960 0
15 0.120694 0.269279 289 102256 0
16 0.182435 0.531199 114 100004 0
17 2.53579 2.75178 4976 100000 0
18 0.175859 0.567549 476 100080 0
19 17131.7 17132.4 53241915 100320 0
20 0.635395 1.21965 1367 100008 0
21 1.30405 1.5215 4252 100148 0
22 785.747 786.532 2100011 100000 0
23 1.64627 2.13634 2798 100140 0
24 0.054847 0.36023 82 101472 0
25 0.255846 0.539043 487 4048 0
26 1745.88 1746.66 4000977 100020 0
27 0.079089 1.13811 173 138240 0
28 0.181523 0.347414 143 100200 0
29 2.70763 2.88361 3819 100046 0
30 0.568443 1.1298 1247 100424 0
31 0.175423 0.627507 432 100035 0
32 0.242194 0.403891 281 100100 0
33 7.58282 7.75156 5595 100032 0
34 0.058776 0.256141 108 100793 0
35 1.29601 2.32515 544 100032 0
36 0.315747 0.671193 263 100012 0
37 2.21712 2.39487 2549 100020 0
38 120116 120117 201244156 0 1
39 3.7583 4.42881 10602 100016 0
40 0.086984 0.536566 232 102564 0
41 1.68941 1.97902 4830 100040 0
42 0.818373 1.19285 832 100062 0
43 0.457415 0.674271 463 100100 0
44 7.81134 7.98993 6827 100004 0
45 0.329589 0.541937 269 100242 0
46 2.197 2.34083 4613 100016 0
47 0.662173 0.84473 604 100040 0
48 0.338982 0.620909 326 100292 0
49 1.83777 2.06581 650 100020 0
50 0.778232 1.03444 1509 100080 0
51 54.8311 56.0024 199489 100056 0
52 0.766083 1.03812 921 100116 0
53 10.2681 10.5709 23712 100010 0
54 0.321736 1.13933 512 100092 0
55 0.84853 1.12003 491 100008 0
56 0.300615 0.571912 879 101376 0
57 0.236316 0.504114 553 100138 0
58 2.31075 2.48318 2086 100016 0
59 0.014769 0.182162 43 216000 0
60 1.15975 1.57064 3538 101376 0
61 1.49482 2.68718 3856 100656 0
62 138.107 138.5 406624 100000 0
63 0.07169 0.299675 66 100980 0
64 1.5428 2.25377 3396 3.45946e+06 0
65 0.226935 0.439901 177 100020 0
66 4.96782 5.58078 14318 100015 0
67 2.5788 3.65415 6484 100143 0
68 2.11324 2.29345 1939 100050 0
69 0.08064 0.398498 172 100080 0
70 31.3614 32.0732 76538 100001 0
71 32.0385 32.2342 69641 100000 0
72 0.662263 0.902034 1088 100320 0
73 60.5347 60.8987 151194 100000 0
74 0.058285 0.340791 98 100828 0
75 0.190838 0.447749 579 105894 0
76 0.601689 0.757778 376 100075 0
77 0.98759 1.36346 689 100210 0
78 32.134 32.447 47577 100000 0
79 0.05944 0.375262 70 103680 0
80 0.524234 0.744725 913 100128 0
81 0.386164 0.632702 340 100152 0
82 0.0689 0.154781 127 2240 0
83 0.876827 1.31132 386 100128 0
84 0.110878 0.512038 95 100062 0
85 1.62059 1.87086 1747 100044 0
86 0.28666 0.445761 113 100092 0
87 0.183719 0.561045 262 100320 0
88 1.39015 1.5862 3437 100080 0
89 0.563214 1.33429 699 100080 0
90 1.5468 1.77639 3302 100008 0
91 3.79041 3.96844 7021 18756 0
92 1.27025 1.3972 1354 100008 0
93 2.46275 2.68059 2183 100020 0
94 0.152252 0.361515 139 100062 0
95 6.22913 6.74618 15031 100002 0
96 0.137832 0.609154 165 100044 0
97 0.036586 0.261283 57 264960 0
98 0.027403 0.192422 82 440640 0
99 67.9311 68.4044 195239 100000 0
Average Search Time Per Query: 204.2174 ms
Average Elapsed Time Per Query: 204.5789 ms
Average #Recursive Calls: 613831.6162
Total Number of Found Matches: 13,749,145
#Solved Queries: 99
