Data File: yeast
Query file: yeast_400n
LIMIT: 100000
0 1.12355 3.05392 1138 184320 0
1 0.428225 2.05753 554 1.05062e+06 0
2 0.348559 2.5874 372 2.12337e+07 0
3 0.245659 2.06488 367 1.17965e+06 0
4 0.512498 3.12096 409 393216 0
5 5274.26 5276.39 6380236 129600 0
6 0.685503 2.48309 720 124416 0
7 0.338207 2.9467 381 1.24416e+06 0
8 0.537153 2.45105 660 302400 0
9 0.334272 2.74137 382 165888 0
10 4.9229 6.67271 6374 1.4256e+06 0
11 0.48342 2.08886 576 207360 0
12 8.68823 10.2817 9830 1.6128e+06 0
13 0.373997 2.47712 403 5.97197e+06 0
14 0.388141 2.30931 547 111132 0
15 117.037 119.039 155944 248064 0
16 0.485947 2.15475 646 7.7616e+08 0
17 0.49784 2.18352 712 414720 0
18 120359 120361 59028466 0 1
19 0.933047 3.05857 1071 202176 0
20 1.10905 3.00078 1478 134400 0
21 120059 120061 75888220 0 1
22 1234.33 1237.02 147049 3.64954e+07 0
23 0.328547 2.33167 417 258048 0
24 0.652184 2.23695 871 1.11974e+07 0
25 0.815029 2.1588 1197 2.65421e+06 0
26 2.29767 3.84337 3358 2.45146e+06 0
27 120945 120948 69987169 0 1
28 0.465087 2.58367 461 5.8752e+06 0
29 0.433624 2.56663 440 145800 0
30 0.411657 2.6267 441 761856 0
31 120005 120008 64389109 0 1
32 0.488501 2.77294 530 1.48176e+07 0
33 0.280461 2.45328 390 138240 0
34 0.336818 3.0824 380 296352 0
35 13.3408 15.0566 19712 1.79159e+07 0
36 0.910921 2.65666 1184 4.3776e+06 0
37 13.2874 14.8761 19499 184320 0
38 4.94669 6.66598 1956 451584 0
39 0.330739 3.15013 374 186048 0
40 0.360873 2.65497 394 103680 0
41 0.344956 2.33251 510 172800 0
42 0.398034 2.48354 351 397440 0
43 10479.8 10481.5 8552109 7.07888e+11 0
44 0.351972 2.52282 450 2.9376e+07 0
45 2.12408 3.80793 2983 1.86624e+06 0
46 8355.19 8357.66 8699697 5.168e+06 0
47 0.362679 2.82228 383 105120 0
48 1.27458 2.89483 1550 1.8432e+06 0
49 0.299832 2.28517 378 282240 0
50 120226 120228 24897440 0 1
51 0.683901 2.62052 804 331776 0
52 0.387443 2.20338 461 259200 0
53 0.315468 2.84942 373 839808 0
54 0.333343 2.43908 427 118080 0
55 21.8909 23.6517 7616 140800 0
56 0.375694 2.15892 463 5.8212e+06 0
57 0.281756 2.07837 376 192000 0
58 0.367267 2.90716 375 1.42249e+09 0
59 0.360149 2.67772 431 1.29548e+08 0
60 0.301885 2.12277 390 1.47744e+08 0
61 4.82371 6.42261 6461 497664 0
62 0.489264 2.32055 596 367200 0
63 120951 120953 31676023 0 1
64 0.734571 2.4285 1056 933120 0
65 120805 120807 113031327 0 1
66 0.375075 2.76539 446 2.16e+07 0
67 0.929866 2.90958 1378 2.1289e+06 0
68 1.88249 3.51211 2703 1.52064e+06 0
69 0.672573 2.60779 851 2.09715e+07 0
70 0.426045 2.5854 540 133056 0
71 4021.17 4022.79 5583038 1.0368e+06 0
72 0.281814 2.30183 378 202752 0
73 121003 121005 126088825 0 1
74 0.384256 2.7574 369 3.6288e+06 0
75 1.86657 3.56055 2761 8.77363e+07 0
76 0.312955 2.66453 366 860160 0
77 0.330708 2.64522 399 7.41636e+07 0
78 120115 120117 23172926 0 1
79 0.420916 2.73724 388 466560 0
80 0.368924 2.63083 487 322560 0
81 0.398947 2.30251 561 8.08315e+07 0
82 401.298 403.158 485576 116640 0
83 120121 120123 57471388 0 1
84 1.07492 2.89307 1154 933120 0
85 0.294576 2.30852 406 1.57248e+06 0
86 0.424037 2.47708 566 806400 0
87 75106.2 75107.9 59859732 133920 0
88 120296 120299 56343483 0 1
89 1.0777 3.17252 827 780300 0
90 2.1818 4.53324 2459 138240 0
91 0.597808 3.5946 546 1.99584e+06 0
92 120239 120241 45186738 0 1
93 0.325593 3.06479 436 217056 0
94 0.293883 2.70915 377 153600 0
95 0.38556 2.28943 501 226800 0
96 0.614823 2.31639 860 4.26747e+07 0
97 7.09115 8.76458 9243 224000 0
98 0.325185 2.94161 376 107520 0
99 0.302318 2.55471 395 221760 0
Average Search Time Per Query: 1194.4500 ms
Average Elapsed Time Per Query: 1196.4831 ms
Average #Recursive Calls: 1022702.4091
Total Number of Found Matches: 710,893,366,048
#Solved Queries: 88
