Data File: yeast
Query file: yeast_400n
LIMIT: 100000
0 0.495452 2.3777 363 147456 0
1 0.559305 2.19837 689 1.40083e+06 0
2 0.378765 2.73834 364 2.12337e+07 0
3 0.794441 2.705 974 1.17965e+06 0
4 0.332836 2.59837 372 393216 0
5 73250.1 73252 74266959 288000 0
6 1.77675 3.33069 2597 124416 0
7 0.275319 2.36089 373 207360 0
8 0.344367 2.09442 505 604800 0
9 0.255902 2.28386 369 165888 0
10 3.25583 4.77882 4587 1.9008e+06 0
11 0.400031 1.86818 530 207360 0
12 0.662678 2.08955 1045 2.8224e+06 0
13 0.308868 2.18594 365 8.95795e+06 0
14 0.220519 1.98764 370 111132 0
15 4.35741 6.40033 5555 1.57594e+06 0
16 2.36576 3.89599 2998 7.7616e+08 0
17 0.262577 1.82671 418 414720 0
18 120163 120165 50612524 0 1
19 0.375856 2.57029 375 186624 0
20 0.527673 2.14257 795 134400 0
21 5.70021 7.19001 6306 172800 0
22 0.563337 3.53237 367 5.32224e+07 0
23 47925.6 47927.4 39888869 239616 0
24 1.08479 3.12591 1118 3.9191e+07 0
25 1.42031 2.9633 1675 2.98598e+06 0
26 67.4739 69.2223 50405 2.45146e+06 0
27 11135 11136.7 7682069 9.12384e+07 0
28 0.419634 2.79409 460 5.8752e+06 0
29 0.371778 2.65812 367 145800 0
30 0.373593 2.54778 454 507904 0
31 120837 120840 116462794 0 1
32 0.317948 2.54473 379 1.48176e+07 0
33 0.2547 2.09857 368 138240 0
34 0.259261 2.34213 368 296352 0
35 1.20155 2.68605 1662 276480 0
36 2.24804 4.04249 2869 4.3776e+06 0
37 0.843741 2.28132 1321 184320 0
38 34891.6 34893.2 21917594 451584 0
39 0.410795 2.82372 374 186048 0
40 0.372893 2.51573 386 103680 0
41 0.503347 2.15898 522 172800 0
42 0.284305 2.54132 357 397440 0
43 3.72177 5.68161 2551 5.66311e+11 0
44 0.334123 2.20489 371 2.9376e+07 0
45 0.931847 2.51613 1317 1.86624e+06 0
46 18.4679 20.7671 19497 8.7552e+06 0
47 0.340727 2.81443 380 105120 0
48 1.37777 3.13969 1660 2.02752e+06 0
49 0.411978 2.49702 450 282240 0
50 120190 120192 20069834 0 1
51 0.396454 2.23242 524 331776 0
52 0.399939 2.03535 578 259200 0
53 0.271284 2.41036 373 839808 0
54 0.402483 2.32888 588 5.19552e+06 0
55 6829.67 6831.33 1180567 112640 0
56 0.33895 2.13908 389 7.392e+06 0
57 0.324527 2.17931 363 211200 0
58 0.337015 2.8485 375 1.42249e+09 0
59 0.405582 2.82935 379 1.29548e+08 0
60 0.529313 2.53494 581 1.39968e+08 0
61 1.70711 3.37672 2435 165888 0
62 0.270036 2.08965 356 347760 0
63 90.87 93.1743 57641 1.11767e+07 0
64 0.326457 1.9638 404 933120 0
65 0.579547 2.82036 717 101888 0
66 0.336717 2.71488 368 2.16e+07 0
67 0.595866 2.47211 764 2.1289e+06 0
68 0.284055 2.03528 367 1.44461e+06 0
69 0.787591 2.83818 904 2.09715e+07 0
70 0.704321 2.60498 859 110880 0
71 1.82285 3.61884 2032 345600 0
72 0.346986 2.42884 378 202752 0
73 120247 120250 126382959 0 1
74 0.33847 2.87519 369 3.6288e+06 0
75 0.405004 2.16535 580 8.77363e+07 0
76 0.339975 2.55735 375 860160 0
77 0.327274 2.77331 378 7.41636e+07 0
78 120238 120240 40450565 0 1
79 0.494966 2.62822 370 466560 0
80 0.39369 3.11427 384 322560 0
81 0.310692 2.65075 367 8.08315e+07 0
82 0.96731 2.7312 1286 231840 0
83 120016 120017 50521038 0 1
84 2.72695 4.82489 3625 829440 0
85 0.381327 2.78369 363 1.57248e+06 0
86 0.345004 2.59484 378 756000 0
87 120638 120640 91250464 0 1
88 120949 120951 99533994 0 1
89 1.01074 2.88683 1191 780300 0
90 0.439034 2.37101 571 165888 0
91 0.294195 2.32948 375 399168 0
92 120296 120298 42061435 0 1
93 0.272832 2.02441 369 217056 0
94 0.292176 2.52198 377 153600 0
95 3842.47 3844.18 3051334 226800 0
96 0.299 2.39114 377 3.79331e+07 0
97 0.320976 1.85807 479 192000 0
98 0.32039 2.43512 382 107520 0
99 0.283158 2.48023 379 221760 0
Average Search Time Per Query: 1957.3048 ms
Average Elapsed Time Per Query: 1959.2711 ms
Average #Recursive Calls: 1628476.5934
Total Number of Found Matches: 569,446,263,616
#Solved Queries: 91
