Data File: yeast
Query file: yeast_400n
LIMIT: 100000
0 0.750505 2.73505 502 147456 0
1 0.597579 2.80299 666 1.05062e+06 0
2 0.328188 2.87249 364 2.12337e+07 0
3 0.501975 2.22949 664 1.17965e+06 0
4 0.383336 2.84957 372 393216 0
5 120082 120084 134204645 0 1
6 3.88086 5.37817 5432 124416 0
7 0.321031 2.49341 373 1.24416e+06 0
8 0.677619 2.43047 657 604800 0
9 0.305775 2.87501 369 165888 0
10 1.35864 3.21757 1516 1.9008e+06 0
11 0.255854 2.19376 380 207360 0
12 126.372 128.082 167165 3.136e+06 0
13 0.394537 2.6614 365 8.95795e+06 0
14 0.310827 2.31394 401 111132 0
15 6.14815 8.19302 7066 1.57594e+06 0
16 1.84398 3.86636 2379 7.7616e+08 0
17 0.277962 2.16772 412 414720 0
18 120234 120236 69104935 0 1
19 0.289854 2.24619 375 202176 0
20 0.282639 1.87366 437 134400 0
21 27.0134 28.5294 35712 9.87034e+09 0
22 0.333396 2.58083 367 6.38669e+07 0
23 120077 120079 49864352 0 1
24 0.773598 2.51056 936 3.9191e+07 0
25 1.47241 2.91064 2209 2.98598e+06 0
26 64.6709 66.0308 52123 2.45146e+06 0
27 9.11086 10.835 7833 9.12384e+07 0
28 0.268303 2.23256 369 5.8752e+06 0
29 0.27247 2.19366 367 145800 0
30 0.327731 2.33668 440 139264 0
31 120074 120077 101252542 0 1
32 0.476878 2.85247 379 1.48176e+07 0
33 0.408767 2.65065 368 138240 0
34 0.298381 2.57571 368 296352 0
35 8.59163 10.1955 10272 276480 0
36 2.27347 4.18667 2223 4.3776e+06 0
37 1.19638 2.92616 1313 184320 0
38 14784.7 14786.4 3109942 451584 0
39 0.375118 2.676 392 186048 0
40 0.308452 2.24986 386 103680 0
41 0.264996 1.73939 462 777600 0
42 0.213071 1.99428 352 397440 0
43 13.9331 15.4284 11270 5.66311e+11 0
44 0.305463 1.91125 427 2.9376e+07 0
45 1.32756 2.81704 1915 1.86624e+06 0
46 85.6178 87.7428 100496 9.2416e+06 0
47 0.308561 2.5096 380 105120 0
48 2.23331 4.02593 3163 2.02752e+06 0
49 0.365598 2.21293 419 282240 0
50 120081 120084 19974112 0 1
51 0.57614 2.69582 651 331776 0
52 0.349379 2.17053 428 259200 0
53 0.485018 3.3651 373 839808 0
54 0.728097 2.95457 812 7.79328e+06 0
55 120270 120272 20795666 0 1
56 0.559601 2.40069 726 5.376e+06 0
57 0.238267 2.01208 363 211200 0
58 0.320383 2.48021 380 1.42249e+09 0
59 0.504347 2.80747 379 1.29548e+08 0
60 0.324685 2.50406 411 1.39968e+08 0
61 2.44592 4.0719 3488 165888 0
62 0.223322 1.85949 351 347760 0
63 42.859 45.3638 25031 1.11767e+07 0
64 0.324248 1.69611 439 933120 0
65 1.03378 3.17634 1350 101888 0
66 0.27249 2.52906 368 2.16e+07 0
67 1.28744 2.96692 1768 2.1289e+06 0
68 0.235224 1.73981 367 1.44461e+06 0
69 0.713168 2.38447 1067 2.09715e+07 0
70 0.619046 2.20799 955 110880 0
71 2.10716 3.65659 2769 345600 0
72 0.264087 2.21074 378 202752 0
73 120201 120204 106320575 0 1
74 0.351102 2.67966 369 3.6288e+06 0
75 0.76334 2.19999 1125 8.77363e+07 0
76 0.259822 2.34479 379 860160 0
77 0.393033 2.49479 378 7.41636e+07 0
78 120254 120257 23374433 0 1
79 0.314255 2.28024 366 466560 0
80 0.352154 2.66841 380 322560 0
81 0.274157 2.4257 367 8.08315e+07 0
82 7.06542 8.67727 8996 116640 0
83 120144 120145 71735058 0 1
84 5.93615 8.00481 8402 829440 0
85 0.442192 2.67554 377 1.57248e+06 0
86 0.267441 2.3462 378 756000 0
87 120094 120096 93916037 0 1
88 120209 120211 70188396 0 1
89 1.76017 3.77017 2412 780300 0
90 0.266127 1.82719 430 165888 0
91 0.247308 2.26377 375 399168 0
92 120977 120979 45075094 0 1
93 0.272825 1.96165 370 217056 0
94 0.296687 2.59994 377 153600 0
95 1200.23 1202.15 909617 226800 0
96 0.295829 2.49132 377 3.79331e+07 0
97 0.385797 1.79408 576 192000 0
98 0.281514 2.43782 382 107520 0
99 0.263449 2.4396 379 221760 0
Average Search Time Per Query: 186.7035 ms
Average Elapsed Time Per Query: 188.6425 ms
Average #Recursive Calls: 51300.5000
Total Number of Found Matches: 579,328,635,904
#Solved Queries: 88
