Data File: yeast
Query file: yeast_400n
LIMIT: 100000
0 0.698369 2.65075 377 184320 0
1 0.531113 2.16688 735 1.40083e+06 0
2 0.376742 3.56996 364 2.12337e+07 0
3 0.432992 2.55696 489 1.17965e+06 0
4 0.3923 2.95712 372 393216 0
5 57441.7 57444 64269137 288000 0
6 1.78665 3.45695 2647 1.49299e+06 0
7 0.28938 2.4984 375 207360 0
8 0.480882 2.22183 634 302400 0
9 0.349623 2.37098 369 165888 0
10 1.30385 2.85579 1958 1.9008e+06 0
11 0.331793 1.70477 537 207360 0
12 1.3017 2.91399 1849 3.136e+06 0
13 0.277132 2.37889 365 8.95795e+06 0
14 0.269555 2.09004 429 111132 0
15 4.05742 5.94522 4399 1.57594e+06 0
16 1.41429 3.07405 1948 7.7616e+08 0
17 0.272659 2.01243 425 414720 0
18 120152 120154 50256706 0 1
19 0.294168 2.54958 375 186624 0
20 2.08245 3.94957 2793 134400 0
21 5.97264 7.67604 7839 172800 0
22 0.403289 2.91917 367 5.32224e+07 0
23 57318.3 57320.3 18529757 239616 0
24 0.934716 2.77022 1093 3.9191e+07 0
25 0.604145 2.26261 773 2.98598e+06 0
26 265.132 266.902 103305 2.45146e+06 0
27 5539.74 5541.92 3842991 9.12384e+07 0
28 0.36344 2.42833 483 5.8752e+06 0
29 0.237594 2.06128 367 145800 0
30 0.471538 2.29228 474 507904 0
31 120171 120174 151190225 0 1
32 0.321363 2.86686 379 1.48176e+07 0
33 0.341899 2.39235 368 138240 0
34 0.309613 2.80102 368 296352 0
35 1.78439 3.64396 2343 276480 0
36 2.07588 4.1257 2360 4.3776e+06 0
37 0.430614 2.10821 611 184320 0
38 120317 120319 72736097 0 1
39 0.486351 3.46086 374 186048 0
40 0.415653 3.24483 384 103680 0
41 0.604185 2.43735 736 172800 0
42 0.283221 2.46545 351 397440 0
43 7.94984 9.72049 5486 6.29234e+11 0
44 0.319798 2.31787 371 2.9376e+07 0
45 5.75242 7.51882 7603 1.86624e+06 0
46 279.484 282.106 282737 8.2688e+06 0
47 0.290064 2.47629 380 105120 0
48 0.724176 2.25935 976 2.02752e+06 0
49 0.259513 2.04522 407 282240 0
50 120292 120294 19222528 0 1
51 0.276522 2.03943 379 331776 0
52 0.380986 1.88487 605 259200 0
53 0.265321 2.51667 373 839808 0
54 0.35863 2.28804 482 5.19552e+06 0
55 120249 120251 23192183 0 1
56 0.420914 2.48897 504 7.392e+06 0
57 0.450413 2.4194 619 192000 0
58 0.420682 2.91434 375 1.42249e+09 0
59 0.466531 3.52486 379 1.29548e+08 0
60 0.42667 2.64493 406 1.39968e+08 0
61 6.57287 8.58712 8323 414720 0
62 0.378156 2.4404 380 347760 0
63 447.662 450.533 320499 1.11767e+07 0
64 0.847754 2.42187 1149 933120 0
65 4.25122 6.53065 3564 101888 0
66 0.357052 2.81302 382 2.16e+07 0
67 0.791027 2.75013 993 2.1289e+06 0
68 0.299077 2.1266 367 1.44461e+06 0
69 0.878834 2.93605 957 2.09715e+07 0
70 0.669687 2.65683 772 110880 0
71 2.77831 4.67342 3214 345600 0
72 0.332228 2.44716 378 202752 0
73 120947 120950 123638147 0 1
74 0.309765 2.69878 369 3.6288e+06 0
75 0.462569 2.10282 640 8.77363e+07 0
76 0.41514 2.77163 506 860160 0
77 0.269898 2.45775 378 7.41636e+07 0
78 120113 120115 38709960 0 1
79 0.268945 2.19282 369 466560 0
80 0.25953 2.04594 389 322560 0
81 0.2458 2.25414 367 8.08315e+07 0
82 4.96793 6.54397 6450 198720 0
83 120080 120081 49831539 0 1
84 0.474429 2.50007 365 725760 0
85 0.480134 3.31926 367 1.57248e+06 0
86 0.407423 3.11016 378 756000 0
87 120098 120100 92343879 0 1
88 120029 120031 99919605 0 1
89 1.23019 3.90743 1264 780300 0
90 0.340799 2.09199 481 138240 0
91 0.309518 2.47194 375 399168 0
92 120320 120322 39998752 0 1
93 0.410656 2.20494 383 217056 0
94 0.26612 2.33359 377 153600 0
95 439.928 441.947 439265 226800 0
96 0.367552 2.67321 407 3.79331e+07 0
97 0.374946 2.14692 374 192000 0
98 0.362866 3.01647 380 107520 0
99 0.397328 3.0587 379 221760 0
Average Search Time Per Query: 1368.7023 ms
Average Elapsed Time Per Query: 1370.7744 ms
Average #Recursive Calls: 987456.4382
Total Number of Found Matches: 632,370,086,816
#Solved Queries: 89
