Data File: yeast
Query file: yeast_400n
LIMIT: 100000
0 0.466898 2.35273 363 147456 0
1 0.566148 2.01017 826 1.05062e+06 0
2 0.265335 2.55477 364 2.12337e+07 0
3 0.625398 2.2807 849 1.17965e+06 0
4 0.287552 2.43573 372 393216 0
5 120198 120200 117785433 0 1
6 2.70566 4.42146 3977 124416 0
7 0.280682 2.65732 373 207360 0
8 0.435163 2.71285 495 604800 0
9 0.285432 2.76057 369 165888 0
10 2.1552 3.96436 3096 1.9008e+06 0
11 0.310675 1.78395 484 207360 0
12 135.111 136.904 168663 3.136e+06 0
13 0.285042 2.28973 365 8.95795e+06 0
14 0.25263 2.0837 397 111132 0
15 3.27471 5.17849 4312 1.57594e+06 0
16 2.29928 3.72804 3203 7.7616e+08 0
17 0.235637 1.79306 366 414720 0
18 120169 120170 65378790 0 1
19 0.392167 2.22616 391 186624 0
20 0.431408 1.94796 680 134400 0
21 6.28276 7.87355 7752 172800 0
22 0.30912 2.44156 367 5.32224e+07 0
23 120238 120240 54482186 0 1
24 0.847711 2.75062 894 3.9191e+07 0
25 1.19351 2.70087 1561 103680 0
26 66.1553 67.7297 54022 2.45146e+06 0
27 120014 120016 88851836 0 1
28 0.350355 2.52701 368 5.5296e+06 0
29 0.327955 2.33044 367 145800 0
30 0.251541 2.28655 371 507904 0
31 120297 120300 92824626 0 1
32 0.307633 2.63986 379 1.48176e+07 0
33 0.229969 1.87418 368 138240 0
34 0.253652 2.48452 368 296352 0
35 4.20374 5.68243 5490 276480 0
36 2.21026 4.03339 2930 4.3776e+06 0
37 0.651667 2.15844 1000 184320 0
38 71372 71373.6 15545012 451584 0
39 0.375248 3.24172 374 186048 0
40 0.506199 2.97351 386 103680 0
41 0.448678 2.59293 487 777600 0
42 0.361909 2.34988 355 397440 0
43 3.70994 5.37064 2742 5.66311e+11 0
44 0.376074 2.21733 371 2.9376e+07 0
45 1.60006 3.49861 1834 1.86624e+06 0
46 42.7851 45.1482 56288 9.2416e+06 0
47 0.35229 2.63806 380 105120 0
48 1.62893 3.36776 2482 2.02752e+06 0
49 0.244244 2.19922 374 282240 0
50 120920 120923 20366170 0 1
51 0.361628 2.2723 429 331776 0
52 0.314615 1.98541 421 259200 0
53 0.301769 2.88693 373 839808 0
54 0.450865 2.59832 583 7.79328e+06 0
55 120046 120048 20988986 0 1
56 0.302007 2.13328 401 7.392e+06 0
57 0.289634 2.04321 363 211200 0
58 0.386284 2.71421 377 1.42249e+09 0
59 0.320845 2.60808 379 1.29548e+08 0
60 0.491348 2.3012 609 1.39968e+08 0
61 1.00322 2.48994 1431 165888 0
62 0.244234 2.22061 373 347760 0
63 101.312 104.151 51699 1.11767e+07 0
64 0.329182 1.86624 480 933120 0
65 1.46504 3.50894 2082 101888 0
66 0.264442 2.33484 368 2.16e+07 0
67 0.625692 2.35574 943 2.1289e+06 0
68 0.211646 1.68549 367 1.44461e+06 0
69 0.519995 2.19562 682 2.09715e+07 0
70 0.675688 2.28927 996 110880 0
71 1.48978 3.02582 1958 345600 0
72 0.24534 1.95689 378 202752 0
73 120046 120049 123650504 0 1
74 0.411264 3.37094 369 3.6288e+06 0
75 0.586565 2.64302 787 8.77363e+07 0
76 0.376419 2.72431 368 860160 0
77 0.322733 3.24057 378 7.41636e+07 0
78 120843 120845 23234409 0 1
79 0.287517 2.21554 370 466560 0
80 0.30183 2.50842 384 322560 0
81 0.394533 2.70907 367 8.08315e+07 0
82 2.55401 4.40581 3058 231840 0
83 120155 120157 48452992 0 1
84 1.43793 3.54401 1889 829440 0
85 0.276984 2.54962 374 1.57248e+06 0
86 0.324374 2.3403 378 756000 0
87 120014 120015 95658167 0 1
88 120215 120218 90276926 0 1
89 3.58124 5.81993 3860 780300 0
90 0.4916 2.87387 490 165888 0
91 0.478885 3.24536 375 399168 0
92 120165 120167 42176753 0 1
93 0.267192 2.29941 369 217056 0
94 0.274532 2.36848 377 153600 0
95 7089.58 7091.39 5477255 226800 0
96 0.326432 2.53854 377 3.79331e+07 0
97 0.271593 1.65217 427 192000 0
98 0.253083 2.31927 383 107520 0
99 0.255669 2.33548 379 221760 0
Average Search Time Per Query: 906.5890 ms
Average Elapsed Time Per Query: 908.5688 ms
Average #Recursive Calls: 246390.4943
Total Number of Found Matches: 569,354,809,408
#Solved Queries: 87
