Data File: yeast
Query file: yeast_400n
LIMIT: 100000
0 0.536432 2.52212 383 147456 0
1 0.414389 1.90083 596 1.05062e+06 0
2 0.259927 2.48673 364 2.12337e+07 0
3 0.461615 2.16204 662 1.17965e+06 0
4 0.270375 2.28698 372 393216 0
5 231.772 233.586 204521 129600 0
6 3.37461 4.9733 4845 124416 0
7 0.299909 2.68617 373 1.24416e+06 0
8 0.674237 2.5139 741 604800 0
9 0.238707 2.2453 369 165888 0
10 0.573403 2.1801 906 1.9008e+06 0
11 0.381689 1.80914 616 207360 0
12 130.768 132.206 167220 3.136e+06 0
13 0.383536 2.93797 365 8.95795e+06 0
14 0.366288 2.55441 470 111132 0
15 4.88833 7.15983 6159 1.57594e+06 0
16 1.74825 3.45578 2312 7.7616e+08 0
17 0.333817 2.20205 528 414720 0
18 120942 120943 68537177 0 1
19 0.289935 2.20878 375 202176 0
20 0.305571 2.14696 455 134400 0
21 31.2744 32.7647 41198 9.87034e+09 0
22 0.307223 2.56553 367 6.38669e+07 0
23 20816.1 20817.9 15187404 239616 0
24 0.929244 2.60092 975 1.30637e+07 0
25 1.09373 2.65682 1535 2.98598e+06 0
26 64.7585 66.1601 52184 2.45146e+06 0
27 120132 120134 56810516 0 1
28 0.316597 2.50223 369 5.8752e+06 0
29 0.308584 2.42673 367 145800 0
30 0.41201 2.93864 435 139264 0
31 120062 120065 93661418 0 1
32 0.305622 2.84855 379 1.48176e+07 0
33 0.23156 1.86682 368 138240 0
34 0.366729 2.41084 368 296352 0
35 10.8084 12.5082 13662 276480 0
36 2.0313 4.04384 2459 4.3776e+06 0
37 0.638919 2.10226 885 184320 0
38 3237.51 3239.15 1552395 451584 0
39 0.536369 3.17049 426 186048 0
40 0.470461 3.05775 384 103680 0
41 0.394012 2.44313 380 777600 0
42 0.292404 2.76478 352 397440 0
43 6.20519 8.1406 4184 5.66311e+11 0
44 0.427703 2.72805 426 2.9376e+07 0
45 1.93548 3.88569 2290 1.86624e+06 0
46 219.007 221.846 241074 9.2416e+06 0
47 0.312491 2.50451 380 105120 0
48 1.83062 3.50834 2292 2.02752e+06 0
49 0.294216 2.16164 439 282240 0
50 120124 120126 19741214 0 1
51 0.436983 2.43814 645 331776 0
52 0.259137 1.83906 407 259200 0
53 0.313231 2.81044 373 839808 0
54 0.564698 2.69305 792 118080 0
55 120055 120057 20626168 0 1
56 0.635732 2.82881 739 5.376e+06 0
57 0.342574 2.61567 383 211200 0
58 0.3236 2.83092 378 1.42249e+09 0
59 0.457002 3.46665 379 1.29548e+08 0
60 0.370289 2.54127 404 1.39968e+08 0
61 3.99362 5.67835 4726 165888 0
62 0.272458 2.15901 358 347760 0
63 48.0963 50.7871 28692 1.11767e+07 0
64 0.295225 1.74131 445 933120 0
65 84806.4 84808.6 84783332 101888 0
66 0.302106 2.8801 368 2.16e+07 0
67 1.23141 3.12577 1754 2.1289e+06 0
68 0.249609 1.94839 367 1.44461e+06 0
69 0.822039 2.77152 1127 2.09715e+07 0
70 0.670549 2.49104 886 110880 0
71 2.26737 3.95112 2986 345600 0
72 0.32891 2.16305 378 202752 0
73 120216 120218 110683900 0 1
74 0.31744 2.98409 369 3.6288e+06 0
75 0.671105 2.27953 1015 8.77363e+07 0
76 0.307833 2.53146 385 860160 0
77 0.263508 2.45824 378 7.41636e+07 0
78 120229 120231 23371271 0 1
79 0.339692 2.59945 365 466560 0
80 0.404501 2.7801 383 322560 0
81 0.308658 2.67294 367 8.08315e+07 0
82 2.65473 4.58869 3238 116640 0
83 120064 120066 58828255 0 1
84 3.46215 5.63323 4675 829440 0
85 0.428331 3.15687 375 1.57248e+06 0
86 0.40828 2.9809 378 756000 0
87 120244 120246 92463692 0 1
88 120018 120020 66729100 0 1
89 3.54614 5.51165 4634 780300 0
90 0.490056 2.35578 454 165888 0
91 0.290111 2.57148 375 399168 0
92 120219 120221 43311794 0 1
93 0.273875 2.17059 370 217056 0
94 0.285043 2.63968 377 153600 0
95 7429.63 7431.43 5475731 226800 0
96 0.349716 2.34568 425 5.68996e+07 0
97 0.539041 2.25131 668 192000 0
98 0.344466 2.82565 381 107520 0
99 0.346142 2.79079 379 221760 0
Average Search Time Per Query: 1315.6376 ms
Average Elapsed Time Per Query: 1317.6829 ms
Average #Recursive Calls: 1211530.8989
Total Number of Found Matches: 579,222,930,688
#Solved Queries: 89
