Data File: yeast
Query file: yeast_400n
LIMIT: 100000
0 0.538399 2.44944 505 147456 0
1 0.320645 1.76031 488 1.05062e+06 0
2 0.297482 2.49331 364 2.12337e+07 0
3 0.489068 2.14238 723 1.17965e+06 0
4 0.247343 2.24963 372 393216 0
5 120178 120179 143082759 0 1
6 4.99791 6.58885 6666 124416 0
7 0.29412 2.62676 373 1.24416e+06 0
8 0.380517 2.38941 474 604800 0
9 0.418068 3.44331 369 165888 0
10 1.99716 4.52397 2349 1.9008e+06 0
11 0.381219 2.55953 488 207360 0
12 129.315 131.268 168645 2.8224e+06 0
13 0.351882 2.63059 365 8.95795e+06 0
14 0.309699 2.18625 396 111132 0
15 4.94225 6.93268 6500 1.57594e+06 0
16 0.657457 2.305 928 7.7616e+08 0
17 0.283428 1.87983 422 414720 0
18 120993 120995 71715589 0 1
19 0.288832 2.39653 375 202176 0
20 0.32856 2.03458 497 134400 0
21 17.8423 19.4568 22729 115200 0
22 0.339045 2.59207 367 6.38669e+07 0
23 120839 120840 62423986 0 1
24 0.798635 2.53181 977 3.9191e+07 0
25 0.895325 2.40391 1217 2.98598e+06 0
26 68.6017 70.1221 51726 2.45146e+06 0
27 19.0773 20.9435 23729 9.12384e+07 0
28 0.284944 2.33285 369 5.8752e+06 0
29 0.228778 2.00665 367 145800 0
30 0.445609 2.62962 373 507904 0
31 120029 120032 72572705 0 1
32 0.428709 3.54613 379 1.48176e+07 0
33 0.289951 2.1938 368 138240 0
34 0.302827 2.54735 368 296352 0
35 7.9812 9.50383 9247 276480 0
36 1.86363 3.8832 2300 4.3776e+06 0
37 0.635336 2.14384 961 184320 0
38 349.845 351.41 173339 451584 0
39 0.310525 2.76689 374 186048 0
40 0.324786 2.41234 386 103680 0
41 0.252876 1.77178 431 777600 0
42 0.249295 2.25963 355 397440 0
43 3.5722 5.19895 2740 5.66311e+11 0
44 0.24168 1.90491 371 2.9376e+07 0
45 1.34529 2.89644 1766 1.86624e+06 0
46 50.2693 52.5035 67998 9.2416e+06 0
47 0.279018 2.43942 380 105120 0
48 1.92254 3.67553 2837 2.02752e+06 0
49 0.348054 2.49585 374 282240 0
50 120151 120153 20090689 0 1
51 0.558996 2.28797 723 331776 0
52 0.324198 1.86321 459 259200 0
53 0.257069 2.44838 373 839808 0
54 0.586838 2.48553 819 7.79328e+06 0
55 120046 120047 20200169 0 1
56 0.343888 2.27595 473 5.376e+06 0
57 0.361508 2.01963 409 211200 0
58 0.379419 2.703 378 1.42249e+09 0
59 0.266177 2.46987 379 1.29548e+08 0
60 0.252647 1.95485 410 1.39968e+08 0
61 2.74645 4.16542 3411 165888 0
62 0.22387 1.8068 351 347760 0
63 26.424 28.6262 15105 1.11767e+07 0
64 0.296027 1.71851 453 933120 0
65 0.963468 3.26434 1443 101888 0
66 0.300225 2.57078 368 2.16e+07 0
67 0.939315 2.7054 1398 2.1289e+06 0
68 0.212366 1.81659 367 1.44461e+06 0
69 0.707142 2.37341 1067 2.09715e+07 0
70 0.66702 2.35772 982 110880 0
71 2.19318 3.79542 2936 345600 0
72 0.255883 2.17772 378 202752 0
73 120994 120996 109025589 0 1
74 0.30645 2.68008 369 3.6288e+06 0
75 0.8406 2.3276 1242 8.77363e+07 0
76 0.260198 2.34409 369 860160 0
77 0.320719 2.46526 378 7.41636e+07 0
78 120183 120185 23675860 0 1
79 0.30496 2.50572 366 466560 0
80 0.304108 2.54875 380 322560 0
81 0.26367 2.31819 367 8.08315e+07 0
82 1.67396 3.3561 2010 116640 0
83 120050 120051 72268562 0 1
84 1.73357 3.73248 2023 829440 0
85 0.449902 2.98536 382 1.57248e+06 0
86 0.346557 2.73974 378 756000 0
87 120053 120055 92361106 0 1
88 120294 120297 90776130 0 1
89 2.43348 4.26183 3413 780300 0
90 0.308969 2.04369 490 165888 0
91 0.249921 2.16797 375 399168 0
92 120197 120198 78994071 0 1
93 0.307406 2.1489 369 217056 0
94 0.505832 3.12627 377 153600 0
95 1282.7 1285.22 909616 226800 0
96 0.320702 2.37993 377 3.79331e+07 0
97 0.334218 1.886 408 192000 0
98 0.351286 2.81866 383 107520 0
99 0.409247 2.78021 379 221760 0
Average Search Time Per Query: 22.8386 ms
Average Elapsed Time Per Query: 24.7972 ms
Average #Recursive Calls: 17218.8636
Total Number of Found Matches: 569,458,470,144
#Solved Queries: 88
