Data File: yeast
Query file: yeast_400n
LIMIT: 100000
0 0.569063 2.74237 368 184320 0
1 0.783683 2.68013 868 1.40083e+06 0
2 0.380846 3.02566 364 2.12337e+07 0
3 0.437758 2.47407 496 1.17965e+06 0
4 0.382506 2.994 372 393216 0
5 84782.1 84784.4 87377577 288000 0
6 1.85304 3.67511 2088 1.49299e+06 0
7 0.36713 3.05487 377 207360 0
8 0.998947 3.20909 963 604800 0
9 0.3192 2.79167 369 165888 0
10 0.828202 2.80584 953 1.4256e+06 0
11 0.401622 2.20723 516 207360 0
12 139.337 141.001 167481 2.8224e+06 0
13 0.329605 2.69248 365 8.95795e+06 0
14 0.532722 2.9584 586 111132 0
15 3.4434 5.67696 3988 1.57594e+06 0
16 1.28577 2.86525 1826 7.7616e+08 0
17 0.287409 1.85447 443 414720 0
18 120108 120110 49945898 0 1
19 0.385398 2.50368 375 186624 0
20 0.781144 2.73097 1117 134400 0
21 8.78625 10.2455 12105 172800 0
22 0.336325 2.56505 367 5.32224e+07 0
23 897.911 899.729 285097 239616 0
24 0.368022 2.32141 471 3.9191e+07 0
25 0.497712 2.07497 681 2.98598e+06 0
26 120088 120090 122316072 0 1
27 15988.4 15990.4 11164930 9.12384e+07 0
28 0.544435 3.72393 450 5.8752e+06 0
29 0.301921 2.92592 367 145800 0
30 0.466392 3.41787 525 507904 0
31 120165 120169 111169326 0 1
32 0.355326 3.06005 379 1.48176e+07 0
33 0.309536 2.49637 368 138240 0
34 0.329805 2.84192 368 296352 0
35 2.15757 4.41154 2322 276480 0
36 2.42212 4.76996 2318 4.3776e+06 0
37 0.492113 2.56812 538 184320 0
38 21982.5 21984.3 12557860 451584 0
39 0.374704 3.02119 374 186048 0
40 0.395951 2.78224 384 103680 0
41 0.456786 2.43027 605 172800 0
42 0.3229 2.61325 372 397440 0
43 8.31597 10.2497 5424 6.29234e+11 0
44 0.529831 2.63929 638 2.9376e+07 0
45 1.3773 3.14906 1713 1.86624e+06 0
46 298.511 301.214 296598 8.7552e+06 0
47 0.529112 3.57374 380 105120 0
48 0.786706 3.26945 871 2.02752e+06 0
49 0.451751 3.02507 370 282240 0
50 120110 120113 18930306 0 1
51 0.428718 2.2864 490 331776 0
52 0.317184 1.87333 491 259200 0
53 0.272095 2.57065 373 839808 0
54 0.341689 2.21766 502 5.19552e+06 0
55 1360.21 1361.74 278143 112640 0
56 0.316872 2.03342 439 7.392e+06 0
57 0.82037 2.5869 919 192000 0
58 0.283672 2.52773 375 1.42249e+09 0
59 0.265338 2.52016 379 1.29548e+08 0
60 0.290837 2.0445 383 1.39968e+08 0
61 11.0218 12.477 15966 331776 0
62 0.224872 2.0502 360 347760 0
63 696.587 699.789 754917 101376 0
64 0.941663 2.55695 1160 466560 0
65 4.99985 7.38045 3529 101888 0
66 0.410089 3.01037 368 2.16e+07 0
67 0.43179 2.27954 549 2.1289e+06 0
68 0.406956 2.42805 367 1.44461e+06 0
69 1.33319 3.92337 1215 2.09715e+07 0
70 0.280086 2.10404 379 133056 0
71 2.60217 4.23263 3346 345600 0
72 0.262536 2.09039 378 202752 0
73 120236 120239 117527106 0 1
74 0.422724 3.52416 369 3.6288e+06 0
75 0.618474 2.89847 689 8.77363e+07 0
76 0.414382 3.09662 394 860160 0
77 0.375303 3.2479 378 7.41636e+07 0
78 120232 120235 38253352 0 1
79 0.333786 2.6666 369 466560 0
80 0.314124 2.44113 392 322560 0
81 0.303353 2.60264 367 8.08315e+07 0
82 5.51983 7.51998 7469 198720 0
83 120341 120343 50622389 0 1
84 0.279775 2.06166 385 725760 0
85 0.296842 2.64989 407 1.57248e+06 0
86 0.260981 2.40422 378 756000 0
87 120960 120961 89623781 0 1
88 120008 120010 89491123 0 1
89 1.04602 3.09427 1141 780300 0
90 0.451698 2.36966 496 138240 0
91 0.352962 2.86206 375 399168 0
92 120360 120362 40222470 0 1
93 0.374577 2.44865 369 217056 0
94 0.357296 2.96882 379 153600 0
95 109.844 111.986 111450 226800 0
96 0.281151 2.13257 377 3.79331e+07 0
97 0.244732 1.795 371 192000 0
98 0.302147 2.37158 385 107520 0
99 0.409012 2.70161 379 221760 0
Average Search Time Per Query: 1403.7766 ms
Average Elapsed Time Per Query: 1405.9408 ms
Average #Recursive Calls: 1256563.4889
Total Number of Found Matches: 632,356,596,928
#Solved Queries: 90
