Data File: yeast
Query file: yeast_400n
LIMIT: 100000
0 0.449645 2.35119 365 147456 0
1 0.400084 1.92493 581 1.40083e+06 0
2 0.275014 2.47205 364 2.12337e+07 0
3 0.333385 2.03599 446 1.17965e+06 0
4 0.244844 2.29945 372 393216 0
5 120333 120335 131141589 0 1
6 1.96711 3.49491 2669 124416 0
7 0.276315 2.46599 373 207360 0
8 0.378683 2.26333 501 604800 0
9 0.262407 2.50397 369 165888 0
10 1.36038 3.31288 1673 1.9008e+06 0
11 0.368736 1.94298 547 207360 0
12 142.114 143.511 166900 3.136e+06 0
13 0.296893 2.69165 365 8.95795e+06 0
14 0.376425 2.79891 423 111132 0
15 4.4722 7.17847 4230 1.57594e+06 0
16 2.56345 4.45822 3088 7.7616e+08 0
17 0.31464 2.52735 425 414720 0
18 120830 120832 49808474 0 1
19 0.511416 2.9001 391 186624 0
20 0.532151 2.58444 543 134400 0
21 8.10253 9.94404 10181 172800 0
22 0.371479 2.69679 367 5.32224e+07 0
23 24419.5 24421.2 19987567 239616 0
24 0.781143 2.79678 710 3.9191e+07 0
25 1.39049 3.19014 1504 2.98598e+06 0
26 221.153 223.108 84122 2.45146e+06 0
27 241.399 243.457 170245 9.12384e+07 0
28 0.383 2.53685 490 5.8752e+06 0
29 0.284121 2.40656 367 145800 0
30 0.42119 2.44318 449 507904 0
31 120110 120114 128852238 0 1
32 0.446673 3.1415 392 1.48176e+07 0
33 0.272574 2.20119 368 138240 0
34 0.276455 2.50771 368 296352 0
35 1.69623 3.40181 2246 276480 0
36 2.73772 4.6233 3376 4.3776e+06 0
37 0.910203 2.53026 1239 184320 0
38 108287 108289 65710067 451584 0
39 0.533507 3.18927 374 186048 0
40 0.423639 2.95693 386 103680 0
41 0.5411 2.39182 711 172800 0
42 0.317684 2.51311 357 397440 0
43 4.00764 5.84534 2546 5.66311e+11 0
44 0.336644 2.45102 371 2.9376e+07 0
45 1.84237 3.78407 2192 1.86624e+06 0
46 40.4882 43.2756 36505 8.7552e+06 0
47 0.337285 2.83066 380 105120 0
48 1.16791 2.91149 1484 2.02752e+06 0
49 0.373776 2.5011 453 282240 0
50 120162 120164 19556274 0 1
51 0.383894 2.17473 513 331776 0
52 0.429294 2.12351 583 259200 0
53 0.365357 2.85043 373 839808 0
54 0.39477 2.61105 457 5.19552e+06 0
55 878.631 880.454 146851 112640 0
56 0.318875 2.25824 411 8.316e+06 0
57 0.28678 2.07434 363 211200 0
58 0.350237 2.89268 375 1.42249e+09 0
59 0.336037 2.72845 379 1.29548e+08 0
60 0.350735 2.23973 414 1.39968e+08 0
61 3.56345 5.23768 4710 414720 0
62 0.278923 2.0635 355 347760 0
63 259.217 261.808 214788 1.11767e+07 0
64 0.32068 1.8364 431 933120 0
65 3.88601 5.9675 3549 101888 0
66 0.375416 2.72204 368 2.16e+07 0
67 0.305344 2.01797 458 2.1289e+06 0
68 0.313049 1.92147 367 1.44461e+06 0
69 0.559814 2.28485 777 2.09715e+07 0
70 0.524372 2.27232 787 110880 0
71 1.55004 3.12235 1883 345600 0
72 0.24244 2.28939 378 202752 0
73 120976 120978 125466507 0 1
74 0.421817 3.21658 369 3.6288e+06 0
75 0.385813 2.09562 580 8.77363e+07 0
76 0.305513 2.77925 374 860160 0
77 0.288999 2.51472 378 7.41636e+07 0
78 120158 120160 38593153 0 1
79 0.283776 2.15582 374 466560 0
80 0.265627 2.21634 395 322560 0
81 0.309978 2.2719 367 8.08315e+07 0
82 1.94931 3.57001 2705 231840 0
83 120162 120163 48392809 0 1
84 0.810533 2.61221 1139 829440 0
85 0.284638 2.53885 363 1.57248e+06 0
86 0.327924 2.45227 378 756000 0
87 120261 120263 91487553 0 1
88 120208 120210 97432249 0 1
89 0.716 2.55563 1045 780300 0
90 0.294647 1.90302 466 165888 0
91 0.23552 2.15147 375 399168 0
92 120193 120195 40802860 0 1
93 0.360762 2.34036 442 217056 0
94 0.371662 2.58994 377 153600 0
95 3976.1 3978.16 3120537 226800 0
96 0.272537 2.32853 377 3.79331e+07 0
97 0.46703 1.88915 474 192000 0
98 0.379988 2.66721 381 107520 0
99 0.290911 2.56922 379 221760 0
Average Search Time Per Query: 1539.2579 ms
Average Elapsed Time Per Query: 1541.2782 ms
Average #Recursive Calls: 996847.6333
Total Number of Found Matches: 569,447,462,048
#Solved Queries: 90
