Data File: yeast
Query file: yeast_400n
LIMIT: 100000
0 0.474612 2.5055 399 184320 0
1 0.490214 2.00634 711 1.40083e+06 0
2 0.256658 2.45249 364 2.12337e+07 0
3 0.411777 2.3143 554 1.17965e+06 0
4 0.259629 2.41896 372 393216 0
5 17040.4 17042.1 17204586 288000 0
6 1.53533 3.15609 2131 1.49299e+06 0
7 0.345161 2.61089 383 207360 0
8 0.544875 2.38869 722 302400 0
9 0.238454 2.28103 369 165888 0
10 0.654903 2.2432 1020 950400 0
11 0.269939 1.66811 468 207360 0
12 1.24086 2.66088 1818 2.8224e+06 0
13 0.301148 2.15255 365 5.97197e+06 0
14 0.258331 2.01717 427 111132 0
15 3.93809 5.77094 4570 1.57594e+06 0
16 1.30546 2.81359 1853 7.7616e+08 0
17 0.219244 1.75742 377 414720 0
18 120199 120201 63383189 0 1
19 0.298596 2.19266 403 186624 0
20 1.24847 2.83894 1848 134400 0
21 8.26385 9.96005 10698 172800 0
22 0.368724 2.9532 452 5.32224e+07 0
23 120056 120058 49495163 0 1
24 0.335291 2.07263 455 3.9191e+07 0
25 0.341223 1.85222 534 2.98598e+06 0
26 120261 120262 130072994 0 1
27 3722.27 3724.48 2823761 9.12384e+07 0
28 0.348827 2.33579 473 5.8752e+06 0
29 0.259173 2.06731 367 145800 0
30 0.317105 2.25655 426 507904 0
31 121002 121005 81463333 0 1
32 0.363689 2.75675 379 1.48176e+07 0
33 0.239671 2.24033 368 138240 0
34 0.253976 2.55913 368 296352 0
35 1.0751 2.7726 1546 276480 0
36 1.67649 3.63595 2275 4.3776e+06 0
37 0.419333 2.11451 676 184320 0
38 560.067 561.982 120803 451584 0
39 0.389818 3.29498 374 186048 0
40 0.359775 2.76927 384 103680 0
41 0.517956 2.6465 638 172800 0
42 0.308657 2.58049 404 397440 0
43 9.17338 11.2183 5518 6.29234e+11 0
44 0.49068 2.5935 630 2.9376e+07 0
45 0.943107 2.66396 1373 1.86624e+06 0
46 48.3729 50.6885 49238 8.7552e+06 0
47 0.29463 2.87858 380 105120 0
48 0.855481 2.78813 1118 2.02752e+06 0
49 0.249684 2.64914 370 282240 0
50 120251 120253 20172868 0 1
51 0.281526 2.17084 399 331776 0
52 0.332989 1.91489 475 259200 0
53 0.283783 2.60456 376 839808 0
54 0.270997 2.18695 414 5.19552e+06 0
55 120228 120229 39353734 0 1
56 0.332878 2.1596 469 8.316e+06 0
57 0.29815 2.10688 410 192000 0
58 0.273504 2.6851 375 1.42249e+09 0
59 0.249299 2.38362 379 1.29548e+08 0
60 0.245283 1.98355 397 1.39968e+08 0
61 60.7382 62.1936 88039 331776 0
62 0.28123 2.11025 351 347760 0
63 261.063 263.523 220061 101376 0
64 0.796291 2.77611 1152 466560 0
65 120142 120144 108893491 0 1
66 0.386074 3.02434 445 2.16e+07 0
67 0.296808 2.10228 441 2.1289e+06 0
68 0.269133 1.90723 367 1.44461e+06 0
69 0.880347 2.75065 1222 2.09715e+07 0
70 0.274947 2.01241 379 133056 0
71 2.34947 3.96346 3086 345600 0
72 0.345623 2.13622 537 202752 0
73 120160 120162 121347047 0 1
74 0.353621 2.97714 369 3.6288e+06 0
75 0.574269 2.5024 682 8.77363e+07 0
76 0.303943 2.64934 366 860160 0
77 0.350048 3.00935 378 7.41636e+07 0
78 120072 120074 17827522 0 1
79 0.358825 2.33674 365 466560 0
80 0.373143 2.28428 387 322560 0
81 0.361872 2.45262 367 8.08315e+07 0
82 1.72983 3.47503 2104 231840 0
83 120838 120839 53507989 0 1
84 0.695137 2.53147 828 725760 0
85 0.385793 2.63611 427 1.57248e+06 0
86 0.354819 2.6133 453 756000 0
87 120892 120894 96320621 0 1
88 120383 120385 106627961 0 1
89 0.986366 2.83784 1434 780300 0
90 0.347798 2.03762 502 138240 0
91 0.2526 2.22923 375 399168 0
92 120049 120051 42581128 0 1
93 0.333655 2.35773 369 217056 0
94 0.363833 3.0647 379 153600 0
95 233.596 235.44 221572 226800 0
96 0.358592 2.49332 448 3.79331e+07 0
97 0.302456 2.02921 366 192000 0
98 0.361935 2.84178 382 107520 0
99 0.388863 3.14013 379 221760 0
Average Search Time Per Query: 252.7203 ms
Average Elapsed Time Per Query: 254.7103 ms
Average #Recursive Calls: 239085.6782
Total Number of Found Matches: 632,353,336,320
#Solved Queries: 87
