Data File: yeast
Query file: yeast_400n
LIMIT: 100000
0 0.494865 2.81871 363 147456 0
1 0.787469 2.59038 769 1.05062e+06 0
2 0.440662 3.19486 364 2.12337e+07 0
3 0.817773 2.9579 841 1.17965e+06 0
4 0.421355 3.07218 372 393216 0
5 120240 120242 115357929 0 1
6 2.64722 4.49828 3495 124416 0
7 0.356942 2.87481 373 207360 0
8 0.460063 3.10269 498 604800 0
9 0.341099 2.67987 369 165888 0
10 1.97957 3.69087 2648 1.9008e+06 0
11 0.496497 1.96952 619 207360 0
12 0.972942 2.57901 1360 3.136e+06 0
13 0.265889 2.13513 365 8.95795e+06 0
14 0.261393 2.13191 398 111132 0
15 4.26377 6.28606 5651 1.57594e+06 0
16 4.1876 5.71999 5943 7.7616e+08 0
17 0.247082 1.89983 398 414720 0
18 120236 120238 61557956 0 1
19 0.444215 2.77889 376 186624 0
20 0.501896 2.26802 697 134400 0
21 7.47962 9.02014 9802 172800 0
22 0.298234 2.45902 367 5.32224e+07 0
23 120399 120401 92088364 0 1
24 0.815324 2.62073 941 3.9191e+07 0
25 1.20803 2.94489 1793 103680 0
26 67.0993 68.5982 51666 2.45146e+06 0
27 47022 47023.7 33396374 9.12384e+07 0
28 0.321564 2.21082 424 5.5296e+06 0
29 0.299951 2.15735 367 145800 0
30 0.28739 2.25859 452 507904 0
31 120339 120342 69649665 0 1
32 0.333124 2.81297 386 1.48176e+07 0
33 0.283881 2.50658 368 138240 0
34 0.40603 3.09271 368 296352 0
35 3.61435 5.33094 4450 276480 0
36 2.27794 4.23231 2833 4.3776e+06 0
37 1.47953 3.27184 1966 184320 0
38 564.071 566.183 121530 451584 0
39 0.317896 2.77878 374 186048 0
40 0.318609 2.34323 386 103680 0
41 0.301852 1.83963 501 172800 0
42 0.241323 2.04566 357 397440 0
43 3.51038 5.1957 2728 5.66311e+11 0
44 0.273555 2.04056 371 2.9376e+07 0
45 1.21153 2.74322 1814 1.86624e+06 0
46 16.6068 18.7451 19591 8.7552e+06 0
47 0.313268 2.68414 380 105120 0
48 2.12735 3.90654 2892 2.02752e+06 0
49 0.253872 2.07825 373 282240 0
50 120362 120364 19470522 0 1
51 0.334836 2.43454 436 331776 0
52 0.415846 2.1451 582 259200 0
53 0.344867 2.64345 373 839808 0
54 0.446908 2.34306 656 7.79328e+06 0
55 120217 120218 20672271 0 1
56 0.424893 2.85127 399 7.392e+06 0
57 0.266673 2.21543 363 211200 0
58 0.305983 2.69585 375 1.42249e+09 0
59 0.298058 2.5982 379 1.29548e+08 0
60 0.441521 2.23499 587 1.39968e+08 0
61 1.41106 2.94444 2136 165888 0
62 0.225239 1.87915 355 347760 0
63 157.489 159.694 125547 1.11767e+07 0
64 0.465734 1.99892 620 466560 0
65 0.696412 2.95983 865 101888 0
66 0.278125 2.45878 368 2.16e+07 0
67 0.683076 2.67355 935 2.1289e+06 0
68 0.231853 1.92941 367 1.44461e+06 0
69 0.48367 2.2749 646 2.09715e+07 0
70 0.716421 2.42943 990 110880 0
71 1.69699 3.6821 1917 345600 0
72 0.364106 2.42017 486 202752 0
73 120783 120786 120823771 0 1
74 0.374302 3.13625 369 3.6288e+06 0
75 0.623773 2.57694 639 8.77363e+07 0
76 0.360599 3.14968 373 860160 0
77 0.376504 3.14617 378 7.41636e+07 0
78 120147 120150 42013712 0 1
79 0.277641 2.63187 369 466560 0
80 0.269773 2.30595 382 322560 0
81 0.248879 2.31011 367 8.08315e+07 0
82 1.25365 2.87233 1748 231840 0
83 120010 120011 52541883 0 1
84 2.54819 4.41758 3690 829440 0
85 0.271331 2.35239 363 1.57248e+06 0
86 0.26876 2.31406 378 756000 0
87 120085 120087 96504092 0 1
88 120977 120980 103877311 0 1
89 1.05467 2.78487 1343 780300 0
90 0.399634 2.07148 623 165888 0
91 0.242946 2.19873 375 399168 0
92 120058 120060 42613261 0 1
93 0.272813 2.30154 370 217056 0
94 0.325801 2.50771 377 153600 0
95 1186.16 1188.25 909753 226800 0
96 0.308222 2.4989 402 3.79331e+07 0
97 0.341879 2.17208 474 192000 0
98 0.316758 2.56107 386 107520 0
99 0.291954 2.58506 379 221760 0
Average Search Time Per Query: 557.7591 ms
Average Elapsed Time Per Query: 559.7696 ms
Average #Recursive Calls: 394462.1932
Total Number of Found Matches: 569,444,490,048
#Solved Queries: 88
