Data File: yeast
Query file: yeast_400n
LIMIT: 100000
0 0.450968 2.33401 363 147456 0
1 0.496389 1.98094 689 1.40083e+06 0
2 0.329846 2.66241 364 2.12337e+07 0
3 0.821895 2.5873 974 1.17965e+06 0
4 0.296239 2.28589 372 393216 0
5 74154.7 74156.4 74266959 288000 0
6 2.1162 4.04241 2597 124416 0
7 0.393416 3.26824 373 207360 0
8 0.45475 2.63418 505 604800 0
9 0.357507 3.02141 369 165888 0
10 3.51248 5.4 4587 1.9008e+06 0
11 0.381786 2.18763 530 207360 0
12 0.829671 2.35556 1045 2.8224e+06 0
13 0.357728 2.52881 365 8.95795e+06 0
14 0.277895 2.41606 370 111132 0
15 4.93131 7.20113 5555 1.57594e+06 0
16 2.64986 4.49817 2998 7.7616e+08 0
17 0.327892 2.16718 418 414720 0
18 120848 120850 51597478 0 1
19 0.299177 2.10271 375 186624 0
20 0.502802 1.99916 795 134400 0
21 4.8905 6.37885 6306 172800 0
22 0.368339 2.52633 367 5.32224e+07 0
23 47082.6 47084.4 39888869 239616 0
24 1.11436 3.19565 1118 3.9191e+07 0
25 1.31149 3.26628 1675 2.98598e+06 0
26 67.663 69.3409 50405 2.45146e+06 0
27 10710.6 10712.4 7682069 9.12384e+07 0
28 0.394298 3.14756 460 5.8752e+06 0
29 0.310837 2.33284 367 145800 0
30 0.330459 2.26366 454 507904 0
31 120062 120065 116295728 0 1
32 0.562428 2.93414 379 1.48176e+07 0
33 0.21996 1.77792 368 138240 0
34 0.23595 2.28997 368 296352 0
35 1.17356 2.64631 1662 276480 0
36 2.38256 4.31673 2869 4.3776e+06 0
37 1.36013 3.1502 1321 184320 0
38 36954.2 36956.3 21917594 451584 0
39 0.43186 3.28956 374 186048 0
40 0.383293 2.83794 386 103680 0
41 0.356218 1.99779 522 172800 0
42 0.389543 2.63189 357 397440 0
43 4.2954 6.23876 2551 5.66311e+11 0
44 0.388881 2.68297 371 2.9376e+07 0
45 1.10834 3.0929 1317 1.86624e+06 0
46 19.2104 22.0777 19497 8.7552e+06 0
47 0.372646 2.87591 380 105120 0
48 1.40665 3.34482 1660 2.02752e+06 0
49 0.410955 2.72787 450 282240 0
50 120214 120216 18880008 0 1
51 0.385886 2.41792 524 331776 0
52 0.52914 2.31821 578 259200 0
53 0.432869 3.09761 373 839808 0
54 0.522701 2.62375 588 5.19552e+06 0
55 7091.36 7093.14 1180567 112640 0
56 0.347428 2.2146 389 7.392e+06 0
57 0.27639 2.18868 363 211200 0
58 0.343551 2.85249 375 1.42249e+09 0
59 0.324277 2.90629 379 1.29548e+08 0
60 0.47864 2.43852 581 1.39968e+08 0
61 1.72561 3.66 2435 165888 0
62 0.267078 2.22663 356 347760 0
63 93.1781 95.7862 57641 1.11767e+07 0
64 0.336602 2.25186 404 933120 0
65 0.616291 3.38927 717 101888 0
66 0.375102 3.29409 368 2.16e+07 0
67 0.675301 3.07775 764 2.1289e+06 0
68 0.32672 2.41452 367 1.44461e+06 0
69 0.858442 3.32429 904 2.09715e+07 0
70 0.758323 2.96873 859 110880 0
71 1.69684 3.9033 2032 345600 0
72 0.408393 2.93508 378 202752 0
73 120264 120267 120954270 0 1
74 0.457597 3.6819 369 3.6288e+06 0
75 0.547217 2.78512 580 8.77363e+07 0
76 0.432795 3.57408 375 860160 0
77 0.496841 3.55091 378 7.41636e+07 0
78 120212 120214 38755054 0 1
79 0.278043 2.873 370 466560 0
80 0.347814 2.77687 384 322560 0
81 0.296175 2.49842 367 8.08315e+07 0
82 0.971386 2.88897 1286 231840 0
83 120977 120979 48846343 0 1
84 2.51107 4.5466 3625 829440 0
85 0.257284 2.38656 363 1.57248e+06 0
86 0.370207 2.77868 378 756000 0
87 120269 120271 91625801 0 1
88 120052 120054 97260126 0 1
89 0.946242 2.92454 1191 780300 0
90 0.48168 2.63727 571 165888 0
91 0.294244 2.5821 375 399168 0
92 120306 120307 39744229 0 1
93 0.302482 2.06862 369 217056 0
94 0.267159 2.37371 377 153600 0
95 4002.15 4003.95 3051334 226800 0
96 0.318217 2.44513 377 3.79331e+07 0
97 0.366407 1.91677 479 192000 0
98 0.306949 2.64211 382 107520 0
99 0.308767 2.66324 379 221760 0
Average Search Time Per Query: 1980.6793 ms
Average Elapsed Time Per Query: 1982.8186 ms
Average #Recursive Calls: 1628476.5934
Total Number of Found Matches: 569,446,263,616
#Solved Queries: 91
