Data File: yeast
Query file: yeast_400n
LIMIT: 100000
0 0.467253 2.33024 364 184320 0
1 0.401347 1.96378 519 1.40083e+06 0
2 0.324296 2.65921 364 2.12337e+07 0
3 0.352058 2.076 472 1.17965e+06 0
4 0.31921 2.51882 372 393216 0
5 120166 120168 133012120 0 1
6 2.16572 4.04593 2628 124416 0
7 0.375913 3.00279 376 207360 0
8 0.554963 2.64997 573 302400 0
9 0.349653 2.69704 369 165888 0
10 1.56066 3.38862 2138 1.9008e+06 0
11 0.560679 2.32816 626 207360 0
12 1.29151 3.01084 1625 3.136e+06 0
13 0.347764 2.66056 365 8.95795e+06 0
14 0.384693 2.82653 433 111132 0
15 4.90394 7.30219 4587 1.57594e+06 0
16 2.4547 4.3491 2740 7.7616e+08 0
17 0.340696 2.46198 408 414720 0
18 120147 120149 50231127 0 1
19 0.338004 2.60344 375 186624 0
20 1.21361 3.2058 1490 134400 0
21 6.93217 8.9175 8672 172800 0
22 0.361675 3.13017 367 5.32224e+07 0
23 120209 120211 46525602 0 1
24 1.15154 3.08052 1205 3.9191e+07 0
25 0.456398 2.02285 625 2.98598e+06 0
26 109.375 111.003 44700 2.45146e+06 0
27 5501.02 5503.25 3841281 9.12384e+07 0
28 0.456574 2.82519 490 5.8752e+06 0
29 0.374121 2.42488 367 145800 0
30 0.302189 2.46966 373 507904 0
31 120227 120230 146538349 0 1
32 0.340452 2.55056 379 1.48176e+07 0
33 0.218793 1.86024 368 138240 0
34 0.250912 2.4627 368 296352 0
35 1.87444 3.36182 2703 276480 0
36 2.39539 4.19803 3251 4.3776e+06 0
37 0.608197 2.0274 1001 184320 0
38 7355.25 7356.89 4400480 451584 0
39 0.376947 2.85815 415 186048 0
40 0.432195 2.61246 386 103680 0
41 0.572094 2.57148 691 172800 0
42 0.348097 2.36131 360 397440 0
43 9.06674 10.9073 5395 6.29234e+11 0
44 0.383593 2.62901 371 2.9376e+07 0
45 3.559 5.39425 4022 1.86624e+06 0
46 15.3168 18.0755 17918 9.2416e+06 0
47 0.378138 2.92883 380 105120 0
48 1.104 3.03663 1339 2.02752e+06 0
49 0.330884 2.63226 371 282240 0
50 120130 120133 19396556 0 1
51 0.489407 2.24554 581 331776 0
52 0.364211 2.00759 570 259200 0
53 0.260561 2.44968 373 839808 0
54 0.375599 2.2592 564 5.19552e+06 0
55 120122 120123 23880814 0 1
56 0.528845 2.76823 454 8.316e+06 0
57 0.44267 2.51264 510 211200 0
58 0.413206 3.19289 375 1.42249e+09 0
59 0.304844 2.64383 379 1.29548e+08 0
60 0.302219 2.01673 427 1.39968e+08 0
61 3.63751 5.08145 5128 414720 0
62 0.207005 1.72026 351 347760 0
63 439.885 442.254 313995 1.11767e+07 0
64 0.902815 2.67067 1018 933120 0
65 4.63274 7.06723 3521 101888 0
66 0.38718 3.27476 368 2.16e+07 0
67 1.01254 3.28547 1252 2.1289e+06 0
68 0.292212 2.38951 367 1.44461e+06 0
69 0.741459 2.88664 686 2.09715e+07 0
70 0.506463 2.19609 676 110880 0
71 1.85304 3.41633 2413 345600 0
72 0.302782 2.0509 378 202752 0
73 120152 120155 125293708 0 1
74 0.299186 2.72824 369 3.6288e+06 0
75 0.345956 1.81949 495 8.77363e+07 0
76 0.291918 2.3711 366 860160 0
77 0.252459 2.41819 378 7.41636e+07 0
78 120175 120177 38478491 0 1
79 0.27772 2.09581 374 466560 0
80 0.318622 2.23104 414 322560 0
81 0.254495 2.13936 367 8.08315e+07 0
82 1.76761 3.41669 2490 231840 0
83 120276 120278 50205147 0 1
84 0.768414 2.49548 1109 829440 0
85 0.335092 2.54745 472 1.57248e+06 0
86 0.251674 2.18974 378 756000 0
87 120166 120168 90971074 0 1
88 120287 120289 99463200 0 1
89 0.843086 2.73755 1168 780300 0
90 0.315681 2.09103 433 165888 0
91 0.390964 2.63347 375 399168 0
92 120201 120202 39976163 0 1
93 0.374342 2.29524 457 217056 0
94 0.28547 2.53406 377 153600 0
95 204.336 206.139 209348 226800 0
96 0.508649 3.04505 470 3.79331e+07 0
97 0.386306 2.39094 376 192000 0
98 0.486554 3.3253 380 107520 0
99 0.431714 3.0403 379 221760 0
Average Search Time Per Query: 155.7193 ms
Average Elapsed Time Per Query: 157.7686 ms
Average #Recursive Calls: 101300.7159
Total Number of Found Matches: 632,370,722,656
#Solved Queries: 88
